0.6778218700850289
0.19108988703309934
0.11844605187003038
0.10698569547220471
0.17662172388583092
0.23324312202891373
0.1350260742976206
0.1585053479344329
0.14366084859942396
0.1690713446578484
0.17093318997365256
0.1384793228812214
0.16410522740225691
0.13670170833351047
0.19971505555452257
0.12655764474154155
0.09532604422572025
0.15105594096891453
0.14507917598083672
0.17914182391404676
0.1329539475412607
0.12200116587191176
0.14691116642224716
0.1543089498644097
0.17247134008015458
0.1592879471469255
0.18270767399700533
0.17045811559053428
0.19477037137147374
0.1387122836744837
0.13779599012143895
0.11777216388451262
0.1519612399998505
0.18493566193995015
0.17387603728408546
0.17122554146622232
0.12393288423595533
0.1492214202397087
0.167582379557416
0.12870149274848686
0.1495306886882116
0.1303067616121441
0.09395612032535301
0.13879606227237182
0.1483845939457503
0.1749612291408878
0.15599802800061677
0.12096883080082904
0.18902766264163645
0.17234722714912298
0.08575784980972326
0.1449539493500625
0.08447886356434173
0.13742251866364102
0.16530787442116635
0.08584189459770503
0.1743128719424047
0.20366325277882227
0.08596811587769367
0.10439839085646255
0.08649776209397889
0.07729852333412521
0.06382272557899164
0.1261003302244812
0.15792256110090735
0.06905236439241434
0.21071989035433067
0.0887150453558688
0.09385188772425138
0.10262325534931316
0.12124851754187681
0.10809251887399914
0.1342522631744767
0.013513729673197182
0.03795649192158405
0.029095566923531452
0.04750095705993906
0.09154961305929996
0.030312692031203882
0.06038200887492309
0.04423696756689576
0.07980169528086287
0.051896475395216815
0.05285845705717966
0.08914209181761873
0.06977560516084587
0.026948423069799443
0.059510778158645056
0.015440919236311676
0.029280712529318464
0.028580024965025718
0.05082141131786444
0.019880051694569946
0.00956918674778341
0.025727242526330463
0.051998959481181106
0.03499209813650702
0.04206551754880862
0.012078966570757643
0.01912313737770373
0.04398162075849229
0.02803145282339381
0.030553680026417316
0.05029287933309509
0.010432545525352228
0.016055357451306464
0.044438685926036184
0.007831617073901467
0.04032466344989967
0.02127618497523419
0.016122151377385034
0.022791351126230694
0.03840557982933118
0.014382174427068965
0.013661893351560702
0.02707238417007252
0.019045073016020705
0.017678784110982695
0.02126052230500729
0.02648116696135814
0.021029696019818772
0.01427572380326819
0.028444924152959534
0.02320871690673018
0.021005415502269142
0.0262373960479452
0.018394675723266113
0.009806630494129793
0.02181150319545129
0.011279873545770088
0.006736614971649537
0.013152844564567395
0.032713899996420694
0.023620554074213457
0.04509908979208064
0.01757956676852103
0.023535115879642212
0.05788849915568598
0.032638999586086036
0.019964079578020898
0.01333753142001361
0.017444675799375996
0.015461041125756044
0.0101925868044709
0.014341276471305533
0.03825114204238002
0.009627594413991476
0.020202301221518722
0.016313919274410914
0.006825715043384108
0.01473943910085964
0.0042283207078840515
0.017174194638439527
0.012993256467490794
0.014580283677076894
0.015529878111539535
0.015237009321715057
0.00620481906961141
0.01163381132985695
0.013544200563150258
0.01861324572108665
0.043061806784081266
0.02125685490019867
0.015711341484513183
0.013902128028785689
0.03720556251503403
0.09347394434565988
0.040235207392415644
0.029188291498991326
0.035170388414228856
0.02368320534470761
0.015263864537208755
0.015217911809713977
0.01866982060561888
0.029928750261672493
0.017062963706866448
0.016590596167951294
0.026704226784531757
0.010286221754773507
0.008428428806052875
0.023743415807304043
0.0313341853024194
0.024290403217699305
0.011703590811130718
0.016231602076665724
0.014713353091968008
0.01820981273258286
0.009017530892262262
0.025493836461797675
0.013505548629179555
0.012129389203797006
0.011367984333645288
0.007861987335156775
0.008785638665297572
0.013951174707253823
0.017820443979773212
0.005959404251351938
0.010437912305863578
0.009875404840332225
0.012540025918046396
0.005544316983862176
0.008555429911390222
0.009182370517716738
0.014858113123119451
0.012038722387737351
0.014667205524803544
0.01005852756949616
0.010647009071783755
0.009345662653379673
0.00951520894615073
0.011505547416427456
0.011476987028576123
0.012580912634714132
0.012009332048556334
0.0153188864374597
0.010973319414503933
0.007818687670485108
0.0055963294143542225
0.015460623930598542
0.006118704839738899
0.009696923210557791
0.007223993753610104
0.02399904453933982
0.006971599901007219
0.004809820826683339
0.014440520400597137
0.020655881900200585
0.018154542626492607
0.014347949926341644
0.002653019116415285
0.013889544188513545
0.016012362925796893
0.005010501836725539
0.018748423460638996
0.016376362925863638
0.01751382185682409
0.014588562267587405
0.012102827589003872
0.005071973672488384
0.01032822199867765
0.004288635890391622
0.006499714197829552
0.016644859863321506
0.013945964913358163
0.005573590535979559
0.0020742550979811424
0.005478978649048328
0.013428662781364682
0.013171193773064048
0.004386999089128533
0.012879902786409004
0.004744290364358668
0.013788277632820919
0.010879946230372342
0.0037802761980922665
0.007783414372954135
0.008527245839627298
0.013166609327634866
0.012791467000877795
0.007169065251065481
0.0031312627281486743
0.01432557278270221
0.007096553606327726
0.015205833441428795
0.020584504323199946
0.011271780315247198
0.010017351963658614
0.012867425952735262
0.008165661678744638
0.009411850267001901
0.008044957848235782
0.020353903793472572
0.01116029996746706
0.009476773327580856
0.0051810987424926605
0.02364064559669085
0.0114623257447545
0.008416098813609703
0.0022318439341037504
0.006190683463028169
0.004731066576850385
0.0031916550322974115
0.006857966154801241
0.006710923925337435
0.01257596067933814
0.0030452295524314573
0.015168207602517098
0.0021508120350857843
0.01224011160794538
0.013688093897585936
0.0026827132822006775
0.018711895288076284
0.0038619852272537055
0.0017044056024722893
0.011021989224471966
0.01182223645046421
0.007789866665010166
0.014185478117013268
0.010464734172894454
0.004896317816671692
0.0037161682442997694
0.014916293722161607
0.006126140731538466
0.0063909459007700595
0.005596045368098487
0.009327914395166363
0.012205680486834647
0.014093107503520712
0.012147432796544285
0.006619291861586053
0.012161526962670283
0.011094906407585979
0.0026554999298811937
0.00761466020143931
0.01738619454950935
0.0158401534601773
0.008212210192543028
0.0021469044929840688
0.005784465472132347
0.012236663521032465
0.013185639823881264
0.004446012511019305
0.002726529953896435
0.013149252033669888
0.013733882759839711
0.006235029128556353
0.003429406443215691
0.01105307033132449
0.011577965823128991
0.003999020392745291
0.006317258526515647
0.012642576743277626
0.016639112327943295
0.008362220006093804
0.008072920279115221
0.010009190159118737
0.004369430125659868
0.011672407203435094
0.014354651370459878
0.009954998866246373
0.010806115115457475
0.007592932180441667
0.013141793458834799
0.0065744164263026265
0.0035725292594926492
0.010213833230204089
0.013549702813203404
0.006038190610151053
0.0036147233332534706
0.002827640611330812
0.0036963323661807273
0.0033407138737575077
0.0027784508135253448
0.0035165581886140926
0.006431688620324707
0.006318982626643
0.0077630955774858935
0.008410930706167703
0.0055666272788962735
0.0023283251253255815
0.00471240687409474
0.005088330687910108
0.00969864911757017
0.007662377566876018
0.003196163476431883
0.0020769864394466378
0.004306723559141203
0.005311421410090238
0.0024630718243395843
0.0018827762968896384
0.003929697014975298
0.011190413476225021
0.0024037509668548202
0.008140829726269975
0.010106247178146576
0.007231491578986561
0.0073143251749673635
0.010319937436739798
0.003177086854222832
0.003265410007700313
0.009623999046437706
0.010572393541604552
0.004316905016911453
0.01202379668428266
0.004456106275692398
0.006386886876967047
0.0074216529719620065
0.013739735324039626
0.0030898253457116364
0.003431276078534411
0.01036780785486062
0.008992542131058446
0.003920726615421778
0.008847767618825818
0.013754051349902749
0.010346111193678802
0.004968972257811645
0.008326664520835306
0.011801750176177728
0.01131728363469208
0.009330531883391197
0.012509270297905849
0.007061013826007244
0.00854038621504019
0.0032735822808848416
0.0033852901839924263
0.00804064403900433
0.01546438637488873
0.004899756282235742
0.0070530055122185135
0.006824672474806397
0.009979985512203766
0.0027245049435455225
0.013615738309762211
0.004871494683252783
0.006526625999691841
0.00506756685371512
0.007848796041769442
0.0022568586606545272
0.003894896654751477
0.012467527678502477
0.008533950479215305
0.011811828091147981
0.004286080700680592
0.006734233682296371
0.0033017074649745164
0.011222013439282991
0.003328479461378462
0.0036590435661909637
0.005786726715630726
0.005271243128405115
0.015671688130747683
0.01318208865448197
0.010670666209268938
0.00651762604024493
0.004428616967173721
0.008818772534203111
0.002579501971729969
0.0008015814971975355
0.00970777381460166
0.0015655334615200258
0.004540180287732482
0.0013886708604205556
0.0018941267515911512
0.01184246252560794
0.004745829534834725
0.005243225672030554
0.003751587821634722
0.005762914606059619
0.004191292574203971
0.0014926127954526028
0.005130373538647939
0.004332328868524587
0.008062523217178473
0.01724224376321947
0.012747929617341622
0.0031724326986491374
0.0061532568446043615
0.010602169632264721
0.006488937081428883
0.007436841478141557
0.007914245766478745
0.011824291947323252
0.018948045203097036
0.00419016166619139
0.008838515111665685
0.0021808402699796366
0.006561798554282218
0.0070565918889380404
0.004995384058127108
0.009215544287610187
0.01185165269300877
0.014634510159957821
0.009496875177180189
0.006273657218761353
0.004194118743124978
0.004276751011121949
0.010855782634198032
0.0025488730394683757
0.009118545214536198
0.00569989774565107
0.009378347399200397
0.00491014569241943
0.00883588789958088
0.011166789022847444
0.001759862252326533
0.005301984877416428
0.0021179517997330414
0.011522553185093687
0.0030236417164797424
0.05329180910314408
0.016183255233338887
0.013257212391415883
0.002596392828619658
0.007277159398681883
0.005591839609242375
0.0030295592688027798
0.0030651639822353305
0.002714092887400095
0.016830802359759138
0.005714759154413804
0.008468212695364246
0.0028247834829367266
0.01038673181614791
0.0026079464582907724
0.0064269208728310115
0.004864245300169352
0.011136981637185144
0.0109206012430123
0.0016135847566607496
0.00865392278408562
0.007880501449538783
0.006795933535455269
0.009070011254750493
0.010855906531815427
0.009486799292765333
0.0035076992462728393
0.003072773333999439
0.005885416398235919
0.008482981476911457
0.005078368784023335
0.004095147910618612
0.0036455008900899916
0.017572491015455164
0.0069789255758905076
0.005670694814495523
0.013184450732707183
0.009889928863796757
0.009271409872951606
0.007807004538285575
0.008099529652200718
0.0073014327328299634
0.014169143479207195
0.006992572537802557
0.00463349131319138
0.010448225197765193
0.02058201382926237
0.005196258982275015
0.009985041316105149
0.0065916492505878055
0.013150425838544907
0.004596550567979725
0.004693932551176288
0.0027522398156699618
0.019717811596021484
0.01032235176067355
0.014957242923361917
0.0037968252045543884
0.006437153150128145
0.004779812095126703
0.003594253163808745
0.0037831263136595215
0.011582943100452138
0.007035224277755365
0.004492393707563585
0.0026291577572864857
0.008775797195976428
0.00809772339683688
0.015872080200568704
0.0031063385545588634
0.00826278957548107
0.01258680823161762
0.0012208918927929281
0.0030128617830100972
0.002803770514849769
0.0028858488257987665
0.006641705813255993
0.011833274024002857
0.005810427256057635
0.007775803210340073
0.004800266626650044
0.0022064277082911336
0.0038179628619194397
0.0026005935105219953
0.012649893410830008
0.004452669834078499
0.0016061742286879292
0.003664625093951766
0.0008725065824695365
0.01214240498697949
0.0043591133376694804
0.004124812284644536
0.0067693432456908936
0.014152459722170043
0.00926426148961021
0.0018062165496020152
0.008448512808886649
0.0070507854586914515
0.005361513896514982
0.012294234240885969
0.001809820830382264
0.011019557022476922
0.002603281867250379
0.00964061962926701
0.004405715479119969
0.005691747357027934
0.013490180191148084
0.004219308583312894
0.0023289577062988653
0.004259445376010161
0.014627570273223848
0.005991343205927289
0.008707398616017345
0.014764440922003734
0.0023614428654276437
0.004149094891286873
0.0017457858351602991
0.009572442350014558
0.008574115835309672
0.007320766114355458
0.004417434576166088
0.0016549728543173404
0.0016275293819677258
0.004511673197265979
0.004057824772706042
0.004966978598199118
0.00047212657763424633
0.01101550481298272
0.007721267698569723
0.005838422045733865
0.0018872467833665326
0.0107802698180498
0.0021659897372698776
0.0034283828890671344
0.0026080476684270416
0.015364758206815472
0.001936829747858393
0.0039820656757861075
0.004432297974203379
0.0051093549756320075
0.0015455641901142873
0.006307977310997222
0.010581899708326127
0.006796929407239409
0.011267422506987774
0.0023949780591746347
0.009484883810733697
0.028846370512467863
0.003029400027171078
0.0039025098956011446
0.016821461189564745
0.0022677844032099386
0.013180422842708959
0.007370301752159443
0.002903940319871416
0.0009077823044100938
0.003946298677617452
0.007309620614345921
0.008983551252585244
0.0021787206786572618
0.010081162207319326
0.00967884989441019
0.007721933135409252
0.0016749822593181726
0.009000121403099541
0.008315184924103344
0.014197052420384387
0.0032556490003414983
0.0024310157544486007
0.009810590656371063
0.003591505226657185
0.00203105246573441
0.005192005165123143
0.0027502013228079226
0.009924881676911239
0.008612264653158706
0.002731623615454748
0.008374530802576817
0.0041158170797337915
0.00250018340980183
0.005647407425593413
0.007914191609119586
0.011012652958968968
0.005997827381335482
0.01569428339175182
0.00445130607235077
0.004380929164621419
0.0057157884541918155
0.013892844212574936
0.005660405127745351
0.0028459400346833564
0.010908348656681414
0.004202895803288431
0.006311312029493263
0.005495327405328574
0.005031995679227432
0.010408282525028283
0.005642310107201414
0.001589638667364663
0.007136367800628172
0.005233509274015669
0.004075296845696722
0.016728964840693937
0.0031988081216674977
0.009446346974896233
0.0077632772350905745
0.007372114195842513
0.0022771492739587845
0.015020319396459649
0.00811362084390335
0.011511474196593922
0.004244957082197542
0.006049899464995055
0.007283320143025308
0.004092387400603087
0.01112615088297
0.014190133936389609
0.005944029175179825
0.00609580020613241
0.011615295583954518
0.0027346641249749405
0.0034028313135207482
0.004886613605735885
0.006337994975616368
0.0039679761544716766
0.0036841198515990756
0.004713626206085665
0.0059119579444542915
0.010134135774653052
0.0026172797329326062
0.007446427680662442
0.005290827549621352
0.009052087830100284
0.005962017125422007
0.01181109574664844
0.005538928989761079
0.004363390497818458
0.003714949433298731
0.005369884687811079
0.012186151937580818
0.006934081987153879
0.004015763486201886
0.008366227536473078
0.0028755555627948586
0.010886023583020016
0.004469004780768695
0.006288103165958703
0.015524976169934123
0.0058907984195519115
0.0019087480963780826
0.004459382790324826
0.004721538577377308
0.004035936859057605
0.004598664426425444
0.0037827816806690357
0.006846196511979383
0.007712737116424509
0.003129800442719056
0.0029069508769106
0.0061671026348741834
0.0032190940204713057
0.009071671070650975
0.024607962978549235
0.0025064896463567092
0.004046220731317534
0.0016044420554695263
0.0022777716711795933
0.0034879474627593065
0.012467467762831568
0.0125772434903211
0.0025456146929554156
0.007389099897279263
0.01949573235850067
0.006072937349037038
0.010776888913119755
0.006042290622987963
0.00843389096792505
0.005582563612636038
0.0032292484617505784
0.012307208303571892
0.001526193219209306
0.016558316198960307
0.009471975768808386
0.0031217575855038288
0.01556534988603129
0.0012959322579718649
0.0032841223444383663
0.0015137218063058465
0.009705812878062667
0.005115532476110428
0.009421465412728581
0.006875008825372529
0.0020418189521611277
0.006604962322464226
0.0008444925740503618
0.002849622538813974
0.005498782702757954
0.0016395433276284019
0.003201637905305389
0.0006944934601644815
0.009333742469569119
0.008675327153553332
0.005993163852471497
0.0007382255894503196
0.007357596537478624
0.001828672019036959
0.002272546698630139
0.009277095525715394
0.010556785343127338
0.01055331632906092
0.003837311099256801
0.003637144482345933
0.0011741500075428657
0.005039063980026682
0.0014474028854980885
0.0011998241217911444
0.002306986649129323
0.0006527506535634602
0.0010730475687158953
0.004609537468631652
0.006310138515486789
0.007021877335828232
0.003195061136516647
0.0006671207461860473
0.005944251766743675
0.0038789789472486328
0.007030176605318591
0.0032412471868916047
0.0014084581658406724
0.0025528495534448943
0.0073990149570705484
0.009055111131791416
0.001819315262496926
0.0010537257671970294
0.00220481728523595
0.001198484354184683
0.006939040005126986
0.005751576245856815
0.006336701655959673
0.006203131309865622
0.0011843767213148824
0.0028803473997776313
0.002673126791493412
0.007575177551007626
0.006050238547600315
0.012717564954703497
0.0022407137448060017
0.00676548595324834
0.005993056676128254
0.0019312533670454558
0.0033005102370623632
0.007022619244679933
0.00696420278384793
0.004018068019135082
0.0023337413353879356
0.012017352591302615
0.01370834744968278
0.007647649645810432
0.004744526508771132
0.002344829357463906
0.011563513654014156
0.0034554744310393913
0.007299734180089347
0.010042497204573154
0.01342663936776356
0.0026635266756902948
0.006189994687184093
0.008197162308725171
0.009442090052811592
0.006306984668976927
0.0038541102177274923
0.005862460603597685
0.009343431295244255
0.010029355610906687
0.004667807296381341
0.0042695167657175416
0.008691433337479935
0.003051312721525095
0.01178535437805374
0.005259750849497074
0.004522136353594312
0.009384110841441315
0.008681701944077757
0.006727843483148546
0.006334560992632363
0.006511758779475808
0.0082054854763556
0.005881842530037147
0.0012976161123972455
0.0065683090457522375
0.0058343129089532715
0.015055772390327864
0.008356192299008773
0.01184116027408441
0.00959308325433
0.003902152302417623
0.012691105987666235
0.013133958538150256
0.002268203979198223
0.002919176260874663
0.008280363326580612
0.006346644911853676
0.002450527372717514
0.009132553045101521
0.01145057965516242
0.0037016078506972383
0.010232312609369257
0.021741138565184275
0.005728868064018861
0.003593209584941346
0.0025955187685374
0.00318928658850162
0.007809982888388418
0.008606727971106138
0.0015605273305559666
0.003518760299535761
0.002812408212253339
0.0017675027062130483
0.002412658213352928
0.0030012211101441734
0.003980467159204037
0.0014392241122560079
0.003483944036980871
0.0017168647781807716
0.0019253745020927113
0.0010799779337281317
0.01001336754775177
0.008892180436481305
0.006077123531680986
0.0009317794728256276
0.0016178680099635297
0.005419270210294395
0.004731653521917967
0.003841777753338224
0.005115907589315995
0.012538052691335854
0.0025186106465664806
0.006134082025126577
0.01584934241534025
0.012726166630861267
0.001621296410684844
0.003339166646557569
0.004711982856898307
0.010425581744913058
0.0008224490954555001
0.008602898487089
0.008922265129772037
0.002502197886235056
0.0034661244960796124
0.00256685110962025
0.008472967630982074
0.0067994290329171266
0.0018150418144415679
0.0019978375782473334
0.010466430231395166
0.008899384020556744
0.014565123568063646
0.002317882219374769
0.004202493843034619
0.0064080593063425015
0.006689339148843703
0.004939347346160069
0.009710900888458725
0.0018821088683232843
0.0015391666805668587
0.007291325776627416
0.0038090645273309376
0.005141368592905217
0.006374444007944411
0.011744630916551202
0.0018785127119142135
0.0037291460983210883
0.006905025302610701
0.008615939192037913
0.00528318824666426
0.0022886483392181964
0.0065737218405884125
0.0013038991109185407
0.0022071433353429725
0.0043070581505323235
0.0016406656293130165
0.0028643224204493965
0.0042669669290607
0.00752294448524189
0.0022799673986495144
0.0068797529930621736
0.006180798489409089
0.010254945569329547
0.0068429315176863304
0.0061078473489757125
0.002113512008425033
0.006403870158437119
0.002776061584276754
0.00467450167916064
0.008387506648170187
0.012506416903609551
0.012151610751616394
0.0020421330183359333
0.007395500927970702
0.007438492096653067
0.01315185118180609
0.013228578972168392
0.00921485104258859
0.003021119634997827
0.0010320859153327199
0.006881610731881409
0.006570119018680527
0.005340970736233034
0.007853220326225914
0.00340886505056634
0.006324064774256206
